wrm101_hamming_11.gif	0.63580	-1.09413	-0.72137	1.25068	1.15768	0.58147	-0.46958	-1.40988	-1.44459	0.79687	-0.77703	0.72960	0.96784	
wrm101_hamming_19.gif	0.78297	-1.06857	-0.76116	1.40122	1.41458	0.82126	-0.53218	-1.13139	-1.18922	0.93739	-0.83933	0.70330	0.99103	
wrm101_hamming_8.gif	0.81728	-1.06391	-0.77390	1.45938	1.43852	0.87969	-0.63537	-1.10679	-1.14515	0.90041	-0.85345	0.72585	0.99147	
wrm101_hamming_9.gif	0.82091	-1.10751	-0.79879	1.50815	1.45979	0.89262	-0.54724	-1.10849	-1.20063	0.91049	-0.85055	0.71659	0.99321	
wrm101_hamming_airplaneGray.bmp	0.79402	-1.18104	-0.74861	1.37634	1.46726	0.84083	-0.58692	-1.13064	-1.22628	0.83736	-0.68497	0.70953	0.98551	
wrm101_hamming_baboon.BMP	0.80488	-1.15625	-0.76608	1.33039	1.57184	0.77655	-0.49580	-1.08618	-1.31434	0.97554	-0.78260	0.64530	0.96987	
wrm101_hamming_bank.BMP	0.82936	-1.12801	-0.77392	1.44179	1.50254	0.86203	-0.60285	-1.20718	-1.27245	0.75883	-0.76216	0.80452	0.98693	
wrm101_hamming_bank1.BMP	0.79503	-1.24376	-0.78988	1.39028	1.20660	1.09923	-0.79649	-1.20822	-1.10255	0.54132	-0.54501	0.92588	0.93509	
wrm101_hamming_barbara.png	0.75196	-1.13704	-0.73344	1.39140	1.38610	0.87026	-0.60303	-1.15513	-1.25599	0.82574	-0.78747	0.70589	0.99220	
wrm101_hamming_boat.BMP	0.81213	-1.13386	-0.69240	1.42063	1.41044	0.88544	-0.59842	-1.13645	-1.21451	0.86682	-0.82054	0.69128	0.99558	
wrm101_hamming_boat.png	0.83552	-1.14073	-0.71160	1.45294	1.42470	0.89114	-0.62056	-1.08340	-1.21737	0.89679	-0.84042	0.70424	0.99192	
wrm101_hamming_brain.BMP	0.74414	-1.08495	-0.67054	1.28347	1.38993	0.70860	-0.53413	-1.05097	-1.11067	0.80529	-0.71741	0.65788	0.99071	
wrm101_hamming_brain1.BMP	0.71391	-0.90676	-0.56560	1.28864	1.36828	0.85564	-0.49540	-1.05813	-1.03315	0.94996	-0.89442	0.54666	0.96847	
wrm101_hamming_bridge.tiff	0.72271	-1.16089	-0.66256	1.38430	1.31526	0.69802	-0.42035	-1.14854	-1.40901	0.96807	-0.83728	0.65083	0.97270	
wrm101_hamming_cman.BMP	0.77826	-1.13631	-0.71173	1.40721	1.32486	0.74697	-0.55555	-1.16180	-1.34870	0.87662	-0.77143	0.75995	0.98714	
wrm101_hamming_cman1.BMP	0.80549	-1.02134	-0.64897	1.35756	1.24366	0.69782	-0.51290	-1.12186	-1.28760	0.73543	-0.68792	0.67600	0.98244	
wrm101_hamming_columbia.tiff	0.80932	-1.14720	-0.76685	1.42058	1.52298	0.83128	-0.57911	-1.17586	-1.28975	0.83245	-0.80877	0.71432	0.98021	
wrm101_hamming_couple.bmp	0.82900	-1.15466	-0.76056	1.39679	1.46486	0.91756	-0.58663	-1.15985	-1.17602	0.82891	-0.79299	0.77658	0.99392	
wrm101_hamming_crowd.BMP	0.71684	-1.20202	-0.69478	1.36713	1.28475	0.75711	-0.54819	-1.16291	-1.29524	0.91464	-0.80985	0.66992	0.98827	
wrm101_hamming_face.BMP	0.78982	-1.12390	-0.67726	1.41774	1.30929	0.79273	-0.56428	-1.10545	-1.31981	0.88743	-0.80077	0.75396	0.99170	
wrm101_hamming_face1.BMP	0.81295	-1.15265	-0.70964	1.38760	1.35668	0.90911	-0.52124	-1.13475	-1.26908	0.87263	-0.81743	0.65540	0.98961	
wrm101_hamming_Fig0222(c)(crowd).tif	0.77367	-1.08770	-0.65463	1.37726	1.30211	0.77653	-0.58519	-1.16176	-1.27410	0.85655	-0.78948	0.68418	0.99291	
wrm101_hamming_fingerprint.png	0.80898	-1.08669	-0.72919	1.40835	1.39036	0.80841	-0.58101	-1.15962	-1.26131	0.86875	-0.83206	0.75883	0.99573	
wrm101_hamming_flinstones.png	0.72887	-1.07602	-0.59533	1.30537	1.28586	0.78150	-0.55238	-1.06079	-1.17585	0.76266	-0.65492	0.64669	0.98818	
wrm101_hamming_flowr.BMP	0.71114	-0.88245	-0.52872	1.16774	1.25207	0.72718	-0.47329	-0.64587	-0.83878	0.90309	-0.93977	0.53115	0.94768	
wrm101_hamming_girl512.BMP	0.76142	-1.07497	-0.64500	1.34834	1.31218	0.78564	-0.56897	-1.10259	-1.22215	0.85174	-0.81464	0.65676	0.99432	
wrm101_hamming_hat.BMP	0.73800	-1.12224	-0.70349	1.37681	1.38390	0.75731	-0.55526	-1.14700	-1.26241	0.87521	-0.84390	0.67275	0.99415	
wrm101_hamming_house.png	0.74426	-1.12903	-0.63132	1.39081	1.29048	0.75081	-0.52552	-1.13540	-1.35388	0.89458	-0.83542	0.66108	0.98415	
wrm101_hamming_lake.tiff	0.81768	-1.14758	-0.81882	1.44879	1.49994	0.86991	-0.56219	-1.15552	-1.24324	0.81273	-0.70084	0.78053	0.98686	
wrm101_hamming_lax.tiff	0.77680	-1.07405	-0.75203	1.32741	1.46599	0.84971	-0.57745	-1.27236	-1.22413	0.83366	-0.80891	0.79349	0.99195	
wrm101_hamming_lena256.bmp	0.72899	-1.17458	-0.75491	1.49356	1.45597	0.84260	-0.60581	-1.20420	-1.29536	0.82284	-0.71250	0.76585	0.98743	
wrm101_hamming_lena512.bmp	0.79187	-1.15631	-0.73085	1.40494	1.46634	0.79043	-0.57342	-1.19064	-1.28487	0.85400	-0.83886	0.69884	0.99422	
wrm101_hamming_loco.BMP	0.62554	-0.92425	-0.53021	1.25662	0.93477	0.70940	-0.54169	-0.94719	-1.19965	0.75881	-0.73794	0.59412	0.97525	
wrm101_hamming_man.tiff	0.77437	-1.13275	-0.74883	1.45061	1.45819	0.80167	-0.49404	-1.18158	-1.33571	0.89493	-0.81364	0.76154	0.99238	
wrm101_hamming_martha.BMP	0.90596	-1.16519	-0.76704	1.53304	1.62193	1.03749	-0.67870	-1.02569	-1.12876	0.88358	-0.85163	0.74445	0.98035	
wrm101_hamming_milkdrop.tiff	0.77931	-1.13676	-0.77945	1.38833	1.49536	0.86482	-0.59415	-1.18317	-1.15958	0.81433	-0.71167	0.72468	0.98590	
wrm101_hamming_peppers.bmp	0.84159	-1.17261	-0.77284	1.43720	1.36077	0.90636	-0.59911	-1.09545	-1.22243	0.80646	-0.67282	0.75311	0.98379	
wrm101_hamming_reagan.BMP	0.80896	-1.10860	-0.70755	1.44225	1.40436	0.86199	-0.58082	-1.12881	-1.24899	0.90752	-0.81965	0.72888	0.99419	
wrm101_hamming_woman1.tiff	0.78521	-1.23506	-0.80096	1.33245	1.57807	0.91042	-0.61962	-1.16168	-1.10979	0.74469	-0.53300	0.65891	0.94800	
wrm101_hamming_woman2.tiff	0.79755	-1.12177	-0.74748	1.42359	1.44807	0.85352	-0.59298	-1.17187	-1.24010	0.82886	-0.79124	0.74013	0.99595	
