11.gif	-0.15613	0.00307	-0.02426	-0.12686	-0.18755	-0.24904	0.10465	-0.28086	-0.21220	-0.03073	-0.00476	0.03246	0.48283	
19.gif	-0.01211	0.05424	-0.04745	0.00373	-0.00851	0.00156	0.03500	-0.00557	0.03521	0.07324	-0.03851	-0.00585	0.24799	
8.gif	0.01092	0.06661	-0.05671	0.04237	0.01184	0.03237	-0.05693	0.03933	0.10596	0.02777	-0.04099	0.00507	0.35278	
9.gif	0.02211	0.00988	-0.09113	0.10674	0.05717	0.05128	0.02759	0.02583	0.04143	0.04933	-0.04775	0.00218	0.42179	
airplaneGray.bmp	-0.01228	-0.05014	-0.03094	-0.04040	0.04090	-0.00609	-0.00807	0.01557	0.02608	-0.03511	0.12767	-0.01176	0.22267	
baboon.BMP	-0.00142	-0.02670	-0.04983	-0.08567	0.14542	-0.07163	0.08264	0.05944	-0.06379	0.10366	0.02946	-0.07513	0.31084	
bank.BMP	0.02893	-0.00609	-0.06103	0.03784	0.08012	0.02928	-0.03213	-0.07010	-0.03666	-0.11194	0.04208	0.09265	0.31820	
bank1.BMP	0.00897	-0.13636	-0.08833	0.00366	-0.21130	0.26773	-0.22861	-0.09651	0.11729	-0.32785	0.27183	0.21739	0.45333	
barbara.png	-0.05369	-0.00693	-0.01635	-0.02495	-0.03995	0.02213	-0.02424	-0.00897	-0.00509	-0.04608	0.02431	-0.01469	0.31244	
boat.BMP	0.00572	-0.00329	0.02484	0.00351	-0.01628	0.03778	-0.01987	0.00989	0.03678	-0.00574	-0.00797	-0.02951	0.35181	
boat.png	0.02877	-0.01060	0.00475	0.03698	-0.00207	0.04257	-0.04281	0.06236	0.03330	0.02408	-0.02806	-0.01737	0.29560	
brain.BMP	-0.00507	-0.02768	0.01610	-0.01658	-0.00520	0.02418	-0.02024	-0.01401	-0.01293	-0.04698	0.01456	0.01618	0.46486	
brain1.BMP	0.04009	0.06094	0.08600	0.07937	-0.00902	0.10163	-0.03965	-0.15085	-0.00668	0.07579	-0.04359	-0.09325	0.39435	
bridge.tiff	-0.08123	-0.04032	0.04789	-0.02479	-0.10373	-0.14532	0.15517	-0.01224	-0.16641	0.09693	-0.02695	-0.06828	0.36844	
cman.BMP	-0.02722	-0.00707	0.00417	-0.00913	-0.09706	-0.10081	0.02253	-0.01629	-0.09738	0.00644	0.03902	0.04004	0.29539	
cman1.BMP	0.00032	0.10326	0.06481	-0.05355	-0.17247	-0.14727	0.06610	0.01897	-0.04065	-0.13201	0.12003	-0.04251	0.48223	
columbia.tiff	0.00481	-0.01952	-0.05179	0.00461	0.09926	-0.01589	-0.00275	-0.03137	-0.03790	-0.03978	0.00220	-0.00545	0.13491	
couple.bmp	0.02269	-0.02571	-0.04344	-0.01656	0.03918	0.07116	-0.00839	-0.01506	0.07344	-0.04188	0.01956	0.05681	0.39111	
crowd.BMP	-0.08946	-0.07509	0.02210	-0.04385	-0.13917	-0.09564	0.02284	-0.01809	-0.04562	0.04194	0.00779	-0.04856	0.37183	
face.BMP	-0.01658	0.00665	0.03999	0.00064	-0.11740	-0.05492	0.01428	0.04090	-0.06852	0.01488	0.01182	0.03317	0.35312	
face1.BMP	0.00708	-0.02254	0.00770	-0.02847	-0.07000	0.06183	0.05749	0.01157	-0.01795	0.00120	-0.00467	-0.06562	0.24093	
Fig0222(c)(crowd).tif	-0.02951	0.03360	0.05582	-0.02658	-0.10869	-0.06883	-0.01028	-0.02178	-0.02876	-0.00661	0.01652	-0.03211	0.44119	
fingerprint.png	0.00312	0.04282	-0.01255	-0.00874	-0.03550	-0.03981	-0.00280	-0.01307	-0.01075	-0.00328	-0.01984	0.03862	0.31141	
flinstones.png	0.00684	-0.02278	0.02944	0.02873	0.03853	0.01516	-0.04866	-0.01087	-0.00812	-0.02038	0.07157	0.02097	0.22751	
flowr.BMP	0.10464	-0.02032	0.04032	0.07988	-0.07702	0.13195	0.04469	0.13179	0.03308	0.08965	-0.09777	-0.04476	0.33945	
girl512.BMP	-0.01657	0.01574	0.04571	-0.01702	-0.09647	-0.04730	-0.01657	-0.00689	-0.00828	-0.01129	-0.00689	-0.04680	0.43721	
hat.BMP	-0.05874	-0.00374	0.00667	-0.02555	-0.03725	-0.08103	0.01778	-0.01642	-0.02734	0.00569	-0.03077	-0.04188	0.42246	
house.png	-0.06216	0.00154	0.08592	-0.02631	-0.13623	-0.09684	0.05304	0.01095	-0.10258	0.02202	-0.02285	-0.05970	0.38735	
lake.tiff	0.01187	-0.01794	-0.10236	0.03253	0.07498	0.02090	0.01586	-0.00903	0.00714	-0.05979	0.11002	0.05950	0.29590	
lax.tiff	-0.02686	0.05155	-0.03668	-0.08566	0.04382	0.00343	-0.00219	-0.12727	0.02410	-0.03624	-0.00071	0.07462	0.32868	
lena256.bmp	-0.07742	-0.04402	-0.03766	0.07644	0.02926	-0.00505	-0.02726	-0.05786	-0.04406	-0.04972	0.10008	0.04506	0.26685	
lena512.bmp	-0.01388	-0.02697	-0.01407	-0.01157	0.04114	-0.05786	0.00460	-0.04417	-0.03396	-0.01788	-0.02794	-0.02236	0.30401	
loco.BMP	-0.08054	0.02874	0.05756	0.04262	-0.17249	-0.05501	-0.01046	0.02958	-0.07454	0.03506	-0.05010	-0.04845	0.35760	
man.tiff	-0.03373	-0.00129	-0.03032	0.03217	0.03140	-0.04728	0.08554	-0.03358	-0.08180	0.02116	-0.00172	0.03779	0.35134	
martha.BMP	0.10379	-0.04043	-0.05403	0.12739	0.20478	0.19056	-0.10305	0.11563	0.11669	0.01711	-0.04142	0.02471	0.49224	
milkdrop.tiff	-0.02745	-0.00578	-0.06148	-0.02170	0.06965	0.01608	-0.01378	-0.03883	0.09045	-0.05427	0.09923	0.00077	0.25145	
peppers.bmp	0.03595	-0.04359	-0.05571	0.02441	-0.06455	0.05709	-0.02137	0.05082	0.02689	-0.06447	0.14145	0.03197	0.32411	
reagan.BMP	0.00329	0.01985	0.00770	0.02419	-0.02005	0.01421	-0.00370	0.01785	0.00329	0.03455	-0.00940	0.00846	0.20048	
woman1.tiff	-0.01704	-0.11337	-0.08927	-0.07018	0.15189	0.07101	-0.03933	-0.02729	0.12730	-0.12399	0.28440	-0.05709	0.29855	
woman2.tiff	-0.00482	-0.00055	-0.03327	0.01405	0.03337	0.00644	-0.01955	-0.03005	0.00730	-0.03805	0.01139	0.02070	0.36240	
